256,
278,
336,
395,
128,
366,
242,
209,
40,
345,
13,
150,
389,
417,
329,
412,
202,
250,
40,
384,
49,
177,
407,
310,
120,
316,
216,
26,
37,
331,
340,
263,
405,
406,
91,
312,
135,
46,
117,
129,
293,
382,
269,
180,
428,
278,
392,
308,
350,
218,
144,
100,
88,
398,
32,
281,
13,
65,
288,
299,
381,
157,
382,
307,
80,
158,
117,
374,
314,
314,
93,
125,
140,
194,
293,
324,
375,
104,
304,
193,
20,
244,
392,
24,
332,
376,
128,
160,
269,
429,
378,
73,
368,
228,
96,
203,
12,
287,
302,
112,
9,
90,
132,
248,
1,
288,
371,
175,
113,
54,
12,
128,
312,
92,
268,
94,
89,
275,
190,
28,
33,
87,
60,
197,
74,
138,
87,
97,
100,
252,
0,
105,
366,
314,
414,
149,
197,
139,
260,
263,
109,
271,
423,
348,
152,
98,
164,
294,
44,
249,
1,
103,
383,
365,
194,
43,
243,
67,
259,
273,
413,
268,
334,
160,
6,
294,
127,
421,
258,
356,
362,
329,
267,
382,
288,
198,
392,
182,
4,
89,
152,
394,
96,
200,
267,
3,
129,
260,
49,
266,
399,
395,
273,
308,
48,
167,
98,
89,
396,
60,
162,
380,
10,
133,
344,
393,
297,
331,
321,
241,
225,
77,
30,
275,
185,
46,
188,
294,
231,
64,
13,
72,
119,
154,
127,
110,
172,
355,
312,
185,
245,
305,
346,
411,
107,
195,
399,
202,
303,
424,
262,
103,
206,
106,
411,
314,
339,
245,
333,
37,
329,
282,
101,
142,
6,
53,
166,
324,
99,
83,
128,
301,
120,
200,
97,
408,
10,
31,
395,
408,
92,
50,
216,
73,
137,
302,
114,
256,
137,
284,
242,
238,
322,
79,
323,
261,
351,
11,
194,
243,
256,
41,
16,
192,
145,
135,
214,
162,
312,
233,
213,
415,
63,
95,
223,
381,
63,
258,
187,
357,
39,
380,
67,
347,
74,
259,
137,
310,
241,
424,
419,
51,
427,
240,
286,
315,
346,
84,
139,
222,
45,
254,
210,
0,
410,
222,
319,
162,
191,
141,
361,
319,
338,
49,
299,
410,
60,
171,
373,
412,
37,
75,
135,
319,
48,
198,
174,
166,
305,
230,
234,
305,
98,
250,
285,
6,
395,
98,
414,
275,
258,
103,
182,
245,
252,
308,
150,
131,
269,
62,
82,
346,
201,
184,
61,
178,
231,
25,
74,
394,
295,
139,
201,
371,
41,
63,
218,
256,
161,
44,
84,
175,
83,
159,
313,
97,
319,
98,
400,
166,
38,
311,
297,
308,
354,
300,
157,
164,
361,
318,
169,
180,
55,
379,
380,
0,
374,
183,
261,
180,
81,
210,
19,
293,
126,
102,
294,
348,
309,
188,
157,
116,
317,
40,
85,
408,
129,
389,
176,
400,
190,
224,
107,
40,
160,
154,
192,
38,
65,
355,
321,
359,
115,
197,
60,
75,
133,
7,
45,
265,
240,
255,
191,
357,
76,
22,
385,
377,
388,
225,
266,
234,
231,
275,
193,
246,
398,
398,
245,
334,
23,
244,
21,
220,
140,
43,
145,
427,
388,
199
